Precision   : 0.6438
Recall      : 0.6690
F_0.5       : 0.6487
Accuracy    : 0.9598639573873606
Abs Length  : 0.03057770422747104
BLEU        : BLEU+case.mixed+numrefs.1+smooth.exp+tok.13a+version.1.4.9 = 93.3 97.1/94.5/92.3/90.3 (BP = 0.998 ratio = 0.998 hyp_len = 196675 ref_len = 197028)