Precision   : 0.7710
Recall      : 0.7771
F_0.5       : 0.7722
Accuracy    : 0.974262146327968
Abs Length  : 0.030163983752068604
BLEU        : BLEU+case.mixed+numrefs.1+smooth.exp+tok.13a+version.1.4.9 = 95.6 98.2/96.5/95.0/93.6 (BP = 0.998 ratio = 0.998 hyp_len = 196599 ref_len = 197028)